Iteration 0 :
joint vector : [ 2.76 -0.89  1.36 -1.07 -0.2   4.72]
SE(3) end−effector config :
[[-0.518  0.829 -0.213 -0.68 ]
 [ 0.209 -0.118 -0.971  0.069]
 [-0.83  -0.547 -0.112  0.154]
 [ 0.     0.     0.     1.   ]]
error twist V_b : [-0.17669576 -0.17152592  0.56800852  0.00465395  0.18810635 -0.04408022]
angular error magnitude ∣∣omega_b∣∣ : 0.6190930565236942
linear error magnitude ∣∣v_b∣∣ : 0.1932581758607905

Iteration 1
joint vector : [ 2.64410808 -0.93606978  1.56029508 -0.03129392 -0.4710349   4.10585591]
SE(3) end−effector config :
[[-0.09   0.991 -0.095 -0.514]
 [-0.245 -0.114 -0.963  0.072]
 [-0.965 -0.064  0.254  0.144]
 [ 0.     0.     0.     1.   ]]
error twist V_b : [-0.10573262  0.25290298  0.07793038  0.03976153  0.0141701  -0.03416456]
angular error magnitude ∣∣omega_b∣∣ : 0.2849779811306989
linear error magnitude ∣∣v_b∣∣ : 0.054304586306441346

Iteration 2
joint vector : [ 2.59077359 -1.04112365  1.72629573 -0.74145665 -0.45797818  4.77582693]
SE(3) end−effector config :
[[ 0.015  0.996 -0.093 -0.511]
 [ 0.024 -0.094 -0.995  0.1  ]
 [-1.     0.013 -0.025  0.111]
 [ 0.     0.     0.     1.   ]]
error twist V_b : [-0.09362393 -0.02425155 -0.01409561  0.01089745  0.01075883 -0.00082338]
angular error magnitude ∣∣omega_b∣∣ : 0.09773568486673254
linear error magnitude ∣∣v_b∣∣ : 0.015335736443006214

Iteration 3
joint vector : [ 2.58607635 -1.01572576  1.72395911 -0.69581703 -0.55456614  4.69999336]
SE(3) end−effector config :
[[-0.002  1.    -0.001 -0.5  ]
 [-0.007 -0.001 -1.     0.1  ]
 [-1.    -0.002  0.007  0.101]
 [ 0.     0.     0.     1.   ]]
error twist V_b : [-9.90674432e-04  6.53708345e-03  1.84322036e-03  7.41929478e-04
 -1.80651640e-04 -9.41344968e-05]
angular error magnitude ∣∣omega_b∣∣ : 0.0068638441959044776
linear error magnitude ∣∣v_b∣∣ : 0.0007693865534205424

Iteration 4
joint vector : [ 2.5861901  -1.01705135  1.72692461 -0.70989139 -0.55536197  4.71240671]
SE(3) end−effector config :
[[ 0.   1.  -0.  -0.5]
 [ 0.  -0.  -1.   0.1]
 [-1.   0.  -0.   0.1]
 [ 0.   0.   0.   1. ]]
error twist V_b : [-4.05786792e-05 -9.55939473e-06 -2.32585897e-06  6.52197167e-06
  3.02932056e-06 -8.54681022e-07]
angular error magnitude ∣∣omega_b∣∣ : 4.1754291389281526e-05
linear error magnitude ∣∣v_b∣∣ : 7.241779975193468e-06

[ 2.5861901  -1.01705135  1.72692461 -0.70989139 -0.55536197  4.71240671]